[15, 0, 1, 2, 3, 4, 5, 6, 7, 8, 9, 10, 11, 12, 13, 14]
[2, 6, 5, 4, 3, 7, 8, 9, 10, 11, 12, 13, 14, 15, 0, 1]
[0, 4, 3, 2, 1, 5, 6, 7, 8, 9, 10, 11, 12, 13, 14, 15]
[14, 2, 1, 0, 15, 3, 4, 5, 6, 7, 8, 9, 10, 11, 12, 13]
[3, 2, 1, 0, 4, 5, 6, 7, 8, 9, 10, 11, 12, 13, 14, 15]
[15, 2, 3, 4, 0, 1, 5, 6, 7, 8, 9, 10, 11, 12, 13, 14]
[3, 2, 1, 0, 4, 5, 6, 7, 8, 9, 10, 11, 12, 13, 14, 15]
[14, 15, 3, 2, 1, 0, 4, 5, 6, 7, 8, 9, 10, 11, 12, 13]
[15, 0, 1, 2, 3, 4, 5, 6, 7, 8, 9, 10, 11, 12, 13, 14]
[3, 4, 5, 6, 7, 8, 9, 10, 11, 12, 13, 14, 15, 0, 1, 2]
[6, 2, 3, 4, 7, 8, 9, 10, 11, 12, 13, 14, 15, 0, 1, 5]
[1, 0, 4, 5, 6, 7, 8, 9, 10, 11, 12, 13, 14, 15, 3, 2]
[4, 0, 1, 2, 5, 6, 7, 8, 9, 10, 11, 12, 13, 14, 15, 3]
[3, 2, 1, 0, 4, 5, 6, 7, 8, 9, 10, 11, 12, 13, 14, 15]
[3, 2, 1, 0, 4, 5, 6, 7, 8, 9, 10, 11, 12, 13, 14, 15]
[3, 2, 1, 0, 4, 5, 6, 7, 8, 9, 10, 11, 12, 13, 14, 15]
[3, 2, 1, 0, 4, 5, 6, 7, 8, 9, 10, 11, 12, 13, 14, 15]
[1, 2, 3, 4, 5, 6, 7, 8, 9, 10, 11, 12, 13, 14, 15, 0]
[5, 4, 3, 2, 6, 7, 8, 9, 10, 11, 12, 13, 14, 15, 0, 1]
[1, 0, 15, 3, 4, 5, 6, 7, 8, 9, 10, 11, 12, 13, 14, 2]
[12, 13, 14, 15, 3, 2, 1, 0, 4, 5, 6, 7, 8, 9, 10, 11]
[13, 14, 15, 0, 1, 2, 3, 4, 5, 6, 7, 8, 9, 10, 11, 12]
[15, 0, 1, 2, 3, 4, 5, 6, 7, 8, 9, 10, 11, 12, 13, 14]
[3, 2, 1, 0, 4, 5, 6, 7, 8, 9, 10, 11, 12, 13, 14, 15]
[15, 0, 1, 2, 3, 4, 5, 6, 7, 8, 9, 10, 11, 12, 13, 14]
[1, 0, 15, 3, 4, 5, 6, 7, 8, 9, 10, 11, 12, 13, 14, 2]
[1, 2, 3, 4, 5, 6, 7, 8, 9, 10, 11, 12, 13, 14, 15, 0]
[3, 2, 1, 0, 4, 5, 6, 7, 8, 9, 10, 11, 12, 13, 14, 15]
[1, 2, 14, 13, 0, 15, 3, 4, 5, 6, 7, 8, 9, 10, 11, 12]
[5, 4, 3, 2, 6, 7, 8, 9, 10, 11, 12, 13, 14, 15, 0, 1]
[1, 0, 15, 14, 2, 3, 4, 5, 6, 7, 8, 9, 10, 11, 12, 13]
[15, 0, 1, 2, 3, 4, 5, 6, 7, 8, 9, 10, 11, 12, 13, 14]
[3, 2, 1, 0, 4, 5, 6, 7, 8, 9, 10, 11, 12, 13, 14, 15]
[15, 14, 13, 12, 0, 1, 2, 3, 4, 5, 6, 7, 8, 9, 10, 11]
[15, 0, 1, 2, 3, 4, 5, 6, 7, 8, 9, 10, 11, 12, 13, 14]
[7, 6, 5, 4, 8, 9, 10, 11, 12, 13, 14, 15, 0, 1, 2, 3]
[1, 0, 15, 3, 4, 5, 6, 7, 8, 9, 10, 11, 12, 13, 14, 2]
[1, 0, 15, 3, 4, 5, 6, 7, 8, 9, 10, 11, 12, 13, 14, 2]
[3, 2, 1, 5, 6, 7, 8, 9, 10, 11, 12, 13, 14, 15, 0, 4]
[14, 2, 1, 0, 15, 3, 4, 5, 6, 7, 8, 9, 10, 11, 12, 13]
[1, 2, 3, 4, 5, 6, 7, 8, 9, 10, 11, 12, 13, 14, 15, 0]
[15, 0, 1, 2, 3, 4, 5, 6, 7, 8, 9, 10, 11, 12, 13, 14]
[3, 2, 1, 0, 4, 5, 6, 7, 8, 9, 10, 11, 12, 13, 14, 15]
[2, 5, 4, 0, 1, 6, 7, 8, 9, 10, 11, 12, 13, 14, 15, 3]
[3, 4, 5, 6, 7, 8, 9, 10, 11, 12, 13, 14, 15, 0, 1, 2]
[1, 0, 4, 5, 6, 7, 8, 9, 10, 11, 12, 13, 14, 15, 3, 2]
[3, 2, 1, 0, 4, 5, 6, 7, 8, 9, 10, 11, 12, 13, 14, 15]
[3, 2, 1, 5, 6, 7, 8, 9, 10, 11, 12, 13, 14, 15, 0, 4]
[1, 2, 3, 4, 5, 6, 7, 8, 9, 10, 11, 12, 13, 14, 15, 0]
[15, 0, 1, 2, 3, 4, 5, 6, 7, 8, 9, 10, 11, 12, 13, 14]
[15, 0, 1, 2, 3, 4, 5, 6, 7, 8, 9, 10, 11, 12, 13, 14]
[15, 0, 1, 2, 3, 4, 5, 6, 7, 8, 9, 10, 11, 12, 13, 14]
[1, 0, 15, 3, 4, 5, 6, 7, 8, 9, 10, 11, 12, 13, 14, 2]
[3, 2, 1, 0, 4, 5, 6, 7, 8, 9, 10, 11, 12, 13, 14, 15]
[3, 2, 1, 0, 4, 5, 6, 7, 8, 9, 10, 11, 12, 13, 14, 15]
[15, 0, 1, 2, 3, 4, 5, 6, 7, 8, 9, 10, 11, 12, 13, 14]
[1, 2, 5, 6, 7, 8, 9, 10, 11, 12, 13, 14, 15, 3, 4, 0]
[15, 0, 1, 2, 3, 4, 5, 6, 7, 8, 9, 10, 11, 12, 13, 14]
[2, 14, 15, 0, 3, 4, 5, 6, 7, 8, 9, 10, 11, 12, 13, 1]
[3, 15, 14, 13, 2, 1, 0, 4, 5, 6, 7, 8, 9, 10, 11, 12]
[1, 2, 3, 4, 5, 6, 7, 8, 9, 10, 11, 12, 13, 14, 15, 0]
[12, 13, 14, 2, 1, 0, 15, 3, 4, 5, 6, 7, 8, 9, 10, 11]
[1, 2, 3, 4, 5, 6, 7, 8, 9, 10, 11, 12, 13, 14, 15, 0]
[3, 2, 1, 5, 6, 7, 8, 9, 10, 11, 12, 13, 14, 15, 0, 4]
[14, 2, 1, 0, 15, 3, 4, 5, 6, 7, 8, 9, 10, 11, 12, 13]
[3, 2, 1, 5, 6, 7, 8, 9, 10, 11, 12, 13, 14, 15, 0, 4]
[1, 2, 3, 15, 0, 4, 5, 6, 7, 8, 9, 10, 11, 12, 13, 14]
[15, 0, 1, 2, 3, 4, 5, 6, 7, 8, 9, 10, 11, 12, 13, 14]
[15, 0, 1, 2, 3, 4, 5, 6, 7, 8, 9, 10, 11, 12, 13, 14]
[3, 2, 1, 0, 4, 5, 6, 7, 8, 9, 10, 11, 12, 13, 14, 15]
[5, 4, 3, 2, 6, 7, 8, 9, 10, 11, 12, 13, 14, 15, 0, 1]
[5, 4, 3, 2, 6, 7, 8, 9, 10, 11, 12, 13, 14, 15, 0, 1]
[3, 4, 5, 6, 7, 8, 9, 10, 11, 12, 13, 14, 15, 0, 1, 2]
[13, 14, 1, 2, 3, 15, 0, 4, 5, 6, 7, 8, 9, 10, 11, 12]
[1, 2, 3, 4, 5, 6, 7, 8, 9, 10, 11, 12, 13, 14, 15, 0]
[14, 15, 3, 2, 1, 0, 4, 5, 6, 7, 8, 9, 10, 11, 12, 13]
[1, 0, 4, 5, 6, 7, 8, 9, 10, 11, 12, 13, 14, 15, 3, 2]
[1, 0, 15, 14, 2, 3, 4, 5, 6, 7, 8, 9, 10, 11, 12, 13]
[3, 4, 5, 6, 7, 8, 9, 10, 11, 12, 13, 14, 15, 0, 1, 2]
[1, 2, 14, 15, 3, 4, 5, 6, 7, 8, 9, 10, 11, 12, 13, 0]
[15, 0, 1, 2, 3, 4, 5, 6, 7, 8, 9, 10, 11, 12, 13, 14]
[15, 0, 1, 2, 3, 4, 5, 6, 7, 8, 9, 10, 11, 12, 13, 14]
[2, 14, 15, 0, 3, 4, 5, 6, 7, 8, 9, 10, 11, 12, 13, 1]
[3, 4, 5, 6, 7, 8, 9, 10, 11, 12, 13, 14, 15, 0, 1, 2]
[15, 0, 1, 2, 3, 4, 5, 6, 7, 8, 9, 10, 11, 12, 13, 14]
[1, 2, 3, 15, 0, 4, 5, 6, 7, 8, 9, 10, 11, 12, 13, 14]
[5, 4, 3, 2, 6, 7, 8, 9, 10, 11, 12, 13, 14, 15, 0, 1]
[6, 5, 1, 2, 7, 8, 9, 10, 11, 12, 13, 14, 15, 0, 4, 3]
[1, 2, 14, 13, 0, 15, 3, 4, 5, 6, 7, 8, 9, 10, 11, 12]
[15, 0, 1, 2, 3, 4, 5, 6, 7, 8, 9, 10, 11, 12, 13, 14]
[0, 4, 3, 2, 1, 5, 6, 7, 8, 9, 10, 11, 12, 13, 14, 15]
[15, 0, 1, 2, 3, 4, 5, 6, 7, 8, 9, 10, 11, 12, 13, 14]
[3, 2, 1, 14, 15, 0, 4, 5, 6, 7, 8, 9, 10, 11, 12, 13]
[15, 0, 1, 2, 3, 4, 5, 6, 7, 8, 9, 10, 11, 12, 13, 14]
[3, 4, 0, 1, 5, 6, 7, 8, 9, 10, 11, 12, 13, 14, 15, 2]
[3, 2, 1, 5, 6, 7, 8, 9, 10, 11, 12, 13, 14, 15, 0, 4]
[4, 0, 1, 2, 5, 6, 7, 8, 9, 10, 11, 12, 13, 14, 15, 3]
[1, 2, 3, 4, 5, 6, 7, 8, 9, 10, 11, 12, 13, 14, 15, 0]
[0, 4, 3, 2, 1, 5, 6, 7, 8, 9, 10, 11, 12, 13, 14, 15]
[5, 4, 3, 2, 6, 7, 8, 9, 10, 11, 12, 13, 14, 15, 0, 1]
