[0, 1, 2, 17, 18, 3, 4, 5, 6, 7, 8, 9, 10, 11, 12, 13, 14, 15, 16]
[0, 18, 17, 2, 3, 4, 5, 6, 7, 8, 9, 10, 11, 12, 13, 14, 15, 16, 1]
[6, 5, 9, 10, 11, 12, 13, 14, 15, 16, 17, 18, 0, 1, 2, 3, 4, 8, 7]
[2, 1, 0, 18, 3, 4, 5, 6, 7, 8, 9, 10, 11, 12, 13, 14, 15, 16, 17]
[2, 1, 3, 4, 5, 6, 7, 8, 9, 10, 11, 12, 13, 14, 15, 16, 0, 18, 17]
[18, 3, 2, 1, 0, 4, 5, 6, 7, 8, 9, 10, 11, 12, 13, 14, 15, 16, 17]
[2, 18, 17, 16, 3, 4, 0, 1, 5, 6, 7, 8, 9, 10, 11, 12, 13, 14, 15]
[2, 3, 4, 5, 6, 7, 8, 9, 10, 11, 12, 13, 14, 15, 16, 17, 18, 0, 1]
[2, 3, 4, 5, 6, 7, 8, 9, 10, 11, 12, 13, 14, 15, 16, 17, 18, 0, 1]
[5, 6, 7, 8, 9, 10, 11, 12, 13, 14, 15, 16, 1, 0, 18, 17, 2, 3, 4]
[1, 5, 4, 3, 2, 6, 7, 8, 9, 10, 11, 12, 13, 14, 15, 16, 17, 18, 0]
[0, 1, 2, 3, 4, 5, 6, 7, 8, 9, 10, 11, 12, 13, 14, 15, 16, 17, 18]
[2, 3, 4, 0, 1, 5, 6, 7, 8, 9, 10, 11, 12, 13, 14, 15, 16, 17, 18]
[0, 4, 5, 6, 7, 8, 9, 10, 11, 12, 13, 14, 15, 16, 17, 18, 3, 2, 1]
[4, 5, 6, 7, 8, 9, 10, 11, 12, 13, 14, 15, 16, 17, 18, 0, 1, 2, 3]
[2, 3, 4, 0, 1, 5, 6, 7, 8, 9, 10, 11, 12, 13, 14, 15, 16, 17, 18]
[3, 2, 1, 17, 0, 4, 5, 6, 7, 8, 9, 10, 11, 12, 13, 14, 15, 16, 18]
[5, 6, 2, 3, 4, 7, 8, 9, 10, 11, 12, 13, 14, 15, 16, 17, 18, 0, 1]
[0, 15, 14, 17, 16, 1, 2, 3, 4, 5, 6, 7, 8, 9, 10, 11, 12, 13, 18]
[0, 1, 2, 5, 6, 7, 8, 9, 10, 11, 12, 13, 14, 15, 16, 17, 18, 3, 4]
[2, 1, 5, 6, 7, 8, 9, 10, 11, 12, 13, 14, 15, 16, 17, 18, 0, 4, 3]
[17, 2, 3, 1, 4, 5, 6, 7, 8, 9, 10, 11, 12, 13, 14, 15, 16, 18, 0]
[7, 6, 2, 3, 8, 9, 10, 11, 12, 13, 14, 15, 16, 17, 18, 0, 1, 5, 4]
[1, 5, 4, 3, 2, 6, 7, 8, 9, 10, 11, 12, 13, 14, 15, 16, 17, 18, 0]
[3, 4, 5, 0, 18, 6, 7, 8, 9, 10, 11, 12, 13, 14, 15, 16, 17, 2, 1]
[2, 3, 4, 5, 6, 7, 8, 9, 10, 11, 12, 13, 14, 15, 16, 17, 18, 0, 1]
[0, 18, 3, 4, 5, 6, 7, 8, 9, 10, 11, 12, 13, 14, 15, 16, 17, 2, 1]
[14, 15, 16, 17, 2, 1, 0, 18, 3, 4, 5, 6, 7, 8, 9, 10, 11, 12, 13]
[17, 1, 2, 3, 18, 0, 4, 5, 6, 7, 8, 9, 10, 11, 12, 13, 14, 15, 16]
[17, 3, 4, 0, 18, 2, 1, 5, 6, 7, 8, 9, 10, 11, 12, 13, 14, 15, 16]
[0, 4, 5, 1, 2, 3, 6, 7, 8, 9, 10, 11, 12, 13, 14, 15, 16, 17, 18]
[0, 1, 2, 3, 4, 5, 6, 7, 8, 9, 10, 11, 12, 13, 14, 15, 16, 17, 18]
[2, 1, 5, 6, 7, 8, 9, 10, 11, 12, 13, 14, 15, 16, 17, 18, 0, 4, 3]
[15, 3, 18, 17, 16, 2, 1, 0, 4, 5, 6, 7, 8, 9, 10, 11, 12, 13, 14]
[0, 7, 6, 5, 8, 9, 10, 11, 12, 13, 14, 15, 16, 17, 18, 3, 2, 1, 4]
[2, 4, 5, 6, 1, 0, 7, 8, 9, 10, 11, 12, 13, 14, 15, 16, 17, 18, 3]
[4, 3, 2, 1, 5, 6, 7, 8, 9, 10, 11, 12, 13, 14, 15, 16, 17, 18, 0]
[2, 3, 4, 0, 1, 5, 6, 7, 8, 9, 10, 11, 12, 13, 14, 15, 16, 17, 18]
[4, 5, 1, 0, 3, 2, 6, 7, 8, 9, 10, 11, 12, 13, 14, 15, 16, 17, 18]
[2, 6, 7, 8, 9, 10, 11, 12, 13, 14, 15, 16, 17, 18, 0, 1, 5, 4, 3]
[3, 18, 0, 1, 4, 5, 6, 7, 8, 9, 10, 11, 12, 13, 14, 15, 16, 17, 2]
[3, 4, 5, 1, 6, 7, 8, 9, 10, 11, 12, 13, 14, 15, 16, 17, 18, 0, 2]
[17, 3, 4, 0, 18, 2, 1, 5, 6, 7, 8, 9, 10, 11, 12, 13, 14, 15, 16]
[0, 1, 5, 6, 2, 3, 4, 7, 8, 9, 10, 11, 12, 13, 14, 15, 16, 17, 18]
[14, 15, 16, 1, 0, 18, 17, 2, 3, 4, 5, 6, 7, 8, 9, 10, 11, 12, 13]
[2, 1, 17, 18, 0, 4, 5, 6, 7, 8, 9, 10, 11, 12, 13, 14, 15, 16, 3]
[4, 5, 1, 2, 6, 7, 8, 9, 10, 11, 12, 13, 14, 15, 16, 17, 18, 0, 3]
[2, 17, 16, 0, 18, 3, 4, 5, 6, 7, 8, 9, 10, 11, 12, 13, 14, 15, 1]
[2, 17, 16, 15, 1, 0, 18, 3, 4, 5, 6, 7, 8, 9, 10, 11, 12, 13, 14]
[0, 1, 2, 3, 4, 5, 6, 7, 8, 9, 10, 11, 12, 13, 14, 15, 16, 17, 18]
[0, 4, 2, 3, 18, 5, 6, 7, 8, 9, 10, 11, 12, 13, 14, 15, 16, 17, 1]
[15, 16, 17, 18, 0, 1, 2, 3, 4, 5, 6, 7, 8, 9, 10, 11, 12, 13, 14]
[0, 18, 17, 16, 1, 2, 3, 4, 5, 6, 7, 8, 9, 10, 11, 12, 13, 14, 15]
[17, 18, 0, 1, 2, 3, 4, 5, 6, 7, 8, 9, 10, 11, 12, 13, 14, 15, 16]
[17, 18, 3, 4, 0, 1, 2, 5, 6, 7, 8, 9, 10, 11, 12, 13, 14, 15, 16]
[1, 2, 3, 5, 4, 0, 18, 6, 7, 8, 9, 10, 11, 12, 13, 14, 15, 16, 17]
[4, 3, 2, 1, 5, 6, 7, 8, 9, 10, 11, 12, 13, 14, 15, 16, 17, 18, 0]
[2, 1, 5, 6, 7, 8, 9, 10, 11, 12, 13, 14, 15, 16, 17, 18, 0, 4, 3]
[2, 3, 18, 5, 6, 7, 8, 9, 10, 11, 12, 13, 14, 15, 16, 17, 1, 0, 4]
[1, 0, 17, 18, 2, 5, 6, 7, 8, 9, 10, 11, 12, 13, 14, 15, 16, 4, 3]
[15, 16, 17, 1, 2, 3, 18, 0, 4, 5, 6, 7, 8, 9, 10, 11, 12, 13, 14]
[5, 6, 7, 8, 9, 10, 11, 12, 13, 14, 15, 16, 17, 18, 3, 2, 1, 0, 4]
[1, 5, 4, 3, 2, 6, 7, 8, 9, 10, 11, 12, 13, 14, 15, 16, 17, 18, 0]
[11, 12, 13, 14, 15, 16, 17, 18, 0, 1, 2, 3, 4, 5, 6, 10, 9, 8, 7]
[2, 3, 18, 0, 4, 5, 6, 7, 8, 9, 10, 11, 12, 13, 14, 15, 16, 17, 1]
[18, 3, 2, 1, 0, 4, 5, 6, 7, 8, 9, 10, 11, 12, 13, 14, 15, 16, 17]
[2, 1, 0, 4, 5, 6, 7, 8, 9, 10, 11, 12, 13, 14, 15, 16, 17, 18, 3]
[18, 3, 2, 1, 0, 4, 5, 6, 7, 8, 9, 10, 11, 12, 13, 14, 15, 16, 17]
[0, 4, 5, 6, 7, 8, 9, 10, 11, 12, 13, 14, 15, 16, 17, 18, 3, 2, 1]
[3, 4, 0, 1, 2, 5, 6, 7, 8, 9, 10, 11, 12, 13, 14, 15, 16, 17, 18]
[17, 16, 1, 2, 3, 4, 5, 6, 7, 8, 9, 10, 11, 12, 13, 14, 15, 0, 18]
[2, 5, 6, 7, 8, 9, 10, 11, 12, 13, 14, 15, 16, 17, 18, 3, 4, 0, 1]
[0, 1, 2, 3, 4, 5, 6, 7, 8, 9, 10, 11, 12, 13, 14, 15, 16, 17, 18]
[5, 4, 0, 1, 6, 7, 8, 9, 10, 11, 12, 13, 14, 15, 16, 17, 18, 3, 2]
[6, 5, 4, 3, 7, 8, 9, 10, 11, 12, 13, 14, 15, 16, 17, 18, 0, 1, 2]
[10, 11, 12, 13, 14, 18, 17, 16, 15, 0, 1, 2, 3, 4, 5, 6, 7, 8, 9]
[16, 17, 2, 1, 0, 18, 3, 4, 5, 6, 7, 8, 9, 10, 11, 12, 13, 14, 15]
[18, 0, 4, 3, 2, 1, 5, 6, 7, 8, 9, 10, 11, 12, 13, 14, 15, 16, 17]
[18, 0, 1, 5, 4, 3, 2, 6, 7, 8, 9, 10, 11, 12, 13, 14, 15, 16, 17]
[14, 17, 2, 1, 15, 16, 0, 18, 3, 4, 5, 6, 7, 8, 9, 10, 11, 12, 13]
[2, 3, 4, 5, 6, 7, 8, 9, 10, 11, 12, 13, 14, 15, 16, 17, 18, 0, 1]
[2, 3, 18, 17, 1, 0, 4, 5, 6, 7, 8, 9, 10, 11, 12, 13, 14, 15, 16]
[8, 7, 6, 9, 10, 11, 12, 13, 14, 15, 16, 17, 18, 0, 1, 5, 4, 2, 3]
[2, 1, 0, 4, 5, 6, 7, 8, 9, 10, 11, 12, 13, 14, 15, 16, 17, 18, 3]
[0, 1, 2, 3, 4, 5, 6, 7, 8, 9, 10, 11, 12, 13, 14, 15, 16, 17, 18]
[2, 3, 4, 5, 6, 7, 8, 9, 10, 11, 12, 13, 14, 15, 16, 17, 18, 0, 1]
[3, 2, 18, 0, 4, 1, 5, 6, 7, 8, 9, 10, 11, 12, 13, 14, 15, 16, 17]
[16, 17, 1, 5, 4, 18, 0, 3, 2, 6, 7, 8, 9, 10, 11, 12, 13, 14, 15]
[0, 18, 17, 2, 3, 4, 5, 6, 7, 8, 9, 10, 11, 12, 13, 14, 15, 16, 1]
[9, 6, 5, 4, 10, 11, 12, 13, 14, 15, 16, 17, 18, 3, 2, 1, 0, 7, 8]
[2, 1, 0, 4, 5, 6, 7, 8, 9, 10, 11, 12, 13, 14, 15, 16, 17, 18, 3]
[14, 15, 16, 1, 0, 18, 17, 2, 3, 4, 5, 6, 7, 8, 9, 10, 11, 12, 13]
[2, 1, 0, 18, 3, 4, 5, 6, 7, 8, 9, 10, 11, 12, 13, 14, 15, 16, 17]
[16, 15, 0, 18, 1, 2, 3, 4, 5, 6, 7, 8, 9, 10, 11, 12, 13, 14, 17]
[0, 1, 2, 3, 4, 5, 6, 7, 8, 9, 10, 11, 12, 13, 14, 15, 16, 17, 18]
[4, 3, 2, 1, 5, 6, 7, 8, 9, 10, 11, 12, 13, 14, 15, 16, 17, 18, 0]
[5, 6, 2, 3, 4, 7, 8, 9, 10, 11, 12, 13, 14, 15, 16, 17, 18, 0, 1]
[1, 5, 4, 3, 2, 6, 7, 8, 9, 10, 11, 12, 13, 14, 15, 16, 17, 18, 0]
[1, 5, 4, 3, 2, 6, 7, 8, 9, 10, 11, 12, 13, 14, 15, 16, 17, 18, 0]
[0, 1, 2, 3, 4, 5, 6, 7, 8, 9, 10, 11, 12, 13, 14, 15, 16, 17, 18]
