[14, 0, 1, 2, 15, 16, 3, 4, 5, 6, 7, 8, 9, 10, 11, 12, 13]
[16, 0, 1, 2, 3, 4, 5, 6, 7, 8, 9, 10, 11, 12, 13, 14, 15]
[1, 2, 5, 6, 7, 8, 9, 10, 11, 12, 13, 14, 15, 16, 3, 4, 0]
[16, 0, 1, 2, 3, 4, 5, 6, 7, 8, 9, 10, 11, 12, 13, 14, 15]
[1, 0, 4, 5, 6, 7, 8, 9, 10, 11, 12, 13, 14, 15, 16, 3, 2]
[1, 2, 3, 4, 5, 6, 7, 8, 9, 10, 11, 12, 13, 14, 15, 16, 0]
[1, 2, 3, 4, 5, 6, 7, 8, 9, 10, 11, 12, 13, 14, 15, 16, 0]
[3, 4, 5, 6, 7, 8, 9, 10, 11, 12, 13, 14, 15, 16, 0, 1, 2]
[5, 4, 3, 2, 6, 7, 8, 9, 10, 11, 12, 13, 14, 15, 16, 0, 1]
[1, 2, 3, 4, 5, 6, 7, 8, 9, 10, 11, 12, 13, 14, 15, 16, 0]
[15, 16, 3, 2, 1, 0, 4, 5, 6, 7, 8, 9, 10, 11, 12, 13, 14]
[3, 4, 5, 6, 7, 8, 9, 10, 11, 12, 13, 14, 15, 16, 0, 1, 2]
[5, 4, 3, 2, 6, 7, 8, 9, 10, 11, 12, 13, 14, 15, 16, 0, 1]
[3, 2, 1, 0, 4, 5, 6, 7, 8, 9, 10, 11, 12, 13, 14, 15, 16]
[16, 15, 14, 1, 2, 3, 4, 5, 6, 7, 8, 9, 10, 11, 12, 13, 0]
[13, 14, 15, 16, 3, 2, 1, 0, 4, 5, 6, 7, 8, 9, 10, 11, 12]
[14, 15, 16, 0, 1, 2, 3, 4, 5, 6, 7, 8, 9, 10, 11, 12, 13]
[3, 2, 1, 0, 4, 5, 6, 7, 8, 9, 10, 11, 12, 13, 14, 15, 16]
[1, 2, 3, 4, 5, 6, 7, 8, 9, 10, 11, 12, 13, 14, 15, 16, 0]
[3, 2, 1, 0, 4, 5, 6, 7, 8, 9, 10, 11, 12, 13, 14, 15, 16]
[1, 0, 4, 5, 6, 7, 8, 9, 10, 11, 12, 13, 14, 15, 16, 3, 2]
[4, 0, 1, 2, 5, 6, 7, 8, 9, 10, 11, 12, 13, 14, 15, 16, 3]
[15, 16, 3, 2, 1, 0, 4, 5, 6, 7, 8, 9, 10, 11, 12, 13, 14]
[3, 4, 5, 6, 7, 8, 9, 10, 11, 12, 13, 14, 15, 16, 0, 1, 2]
[1, 0, 4, 5, 6, 7, 8, 9, 10, 11, 12, 13, 14, 15, 16, 3, 2]
[1, 2, 3, 16, 0, 4, 5, 6, 7, 8, 9, 10, 11, 12, 13, 14, 15]
[3, 2, 1, 5, 6, 7, 8, 9, 10, 11, 12, 13, 14, 15, 16, 0, 4]
[15, 2, 1, 0, 16, 3, 4, 5, 6, 7, 8, 9, 10, 11, 12, 13, 14]
[1, 2, 3, 16, 0, 4, 5, 6, 7, 8, 9, 10, 11, 12, 13, 14, 15]
[3, 4, 5, 6, 7, 8, 9, 10, 11, 12, 13, 14, 15, 16, 0, 1, 2]
[3, 2, 1, 0, 4, 5, 6, 7, 8, 9, 10, 11, 12, 13, 14, 15, 16]
[14, 15, 16, 0, 1, 2, 3, 4, 5, 6, 7, 8, 9, 10, 11, 12, 13]
[1, 2, 15, 16, 3, 4, 5, 6, 7, 8, 9, 10, 11, 12, 13, 14, 0]
[2, 6, 5, 4, 3, 7, 8, 9, 10, 11, 12, 13, 14, 15, 16, 0, 1]
[16, 0, 1, 4, 5, 6, 7, 8, 9, 10, 11, 12, 13, 14, 15, 2, 3]
[2, 15, 16, 0, 3, 4, 5, 6, 7, 8, 9, 10, 11, 12, 13, 14, 1]
[1, 0, 16, 15, 2, 3, 4, 5, 6, 7, 8, 9, 10, 11, 12, 13, 14]
[1, 0, 4, 5, 6, 7, 8, 9, 10, 11, 12, 13, 14, 15, 16, 3, 2]
[3, 2, 1, 0, 4, 5, 6, 7, 8, 9, 10, 11, 12, 13, 14, 15, 16]
[1, 2, 3, 4, 5, 6, 7, 8, 9, 10, 11, 12, 13, 14, 15, 16, 0]
[0, 1, 5, 4, 3, 2, 6, 7, 8, 9, 10, 11, 12, 13, 14, 15, 16]
[13, 14, 15, 2, 1, 0, 16, 3, 4, 5, 6, 7, 8, 9, 10, 11, 12]
[1, 2, 3, 4, 5, 6, 7, 8, 9, 10, 11, 12, 13, 14, 15, 16, 0]
[16, 0, 1, 14, 15, 2, 3, 4, 5, 6, 7, 8, 9, 10, 11, 12, 13]
[5, 4, 3, 2, 6, 7, 8, 9, 10, 11, 12, 13, 14, 15, 16, 0, 1]
[1, 2, 3, 4, 5, 6, 7, 8, 9, 10, 11, 12, 13, 14, 15, 16, 0]
[15, 2, 1, 0, 16, 3, 4, 5, 6, 7, 8, 9, 10, 11, 12, 13, 14]
[3, 4, 5, 6, 7, 8, 9, 10, 11, 12, 13, 14, 15, 16, 0, 1, 2]
[3, 4, 0, 16, 2, 1, 5, 6, 7, 8, 9, 10, 11, 12, 13, 14, 15]
[5, 4, 3, 2, 6, 7, 8, 9, 10, 11, 12, 13, 14, 15, 16, 0, 1]
[16, 0, 1, 2, 3, 4, 5, 6, 7, 8, 9, 10, 11, 12, 13, 14, 15]
[3, 4, 5, 6, 7, 8, 9, 10, 11, 12, 13, 14, 15, 16, 0, 1, 2]
[16, 0, 1, 2, 3, 4, 5, 6, 7, 8, 9, 10, 11, 12, 13, 14, 15]
[1, 2, 3, 4, 5, 6, 7, 8, 9, 10, 11, 12, 13, 14, 15, 16, 0]
[12, 13, 14, 15, 16, 0, 1, 2, 3, 4, 5, 6, 7, 8, 9, 10, 11]
[2, 3, 16, 0, 1, 4, 5, 6, 7, 8, 9, 10, 11, 12, 13, 14, 15]
[3, 2, 1, 0, 4, 5, 6, 7, 8, 9, 10, 11, 12, 13, 14, 15, 16]
[1, 0, 16, 15, 2, 3, 4, 5, 6, 7, 8, 9, 10, 11, 12, 13, 14]
[3, 4, 5, 6, 7, 8, 9, 10, 11, 12, 13, 14, 15, 16, 0, 1, 2]
[3, 2, 1, 0, 4, 5, 6, 7, 8, 9, 10, 11, 12, 13, 14, 15, 16]
[16, 0, 1, 2, 3, 4, 5, 6, 7, 8, 9, 10, 11, 12, 13, 14, 15]
[1, 2, 3, 4, 5, 6, 7, 8, 9, 10, 11, 12, 13, 14, 15, 16, 0]
[1, 2, 5, 6, 7, 8, 9, 10, 11, 12, 13, 14, 15, 16, 3, 4, 0]
[3, 2, 1, 5, 6, 7, 8, 9, 10, 11, 12, 13, 14, 15, 16, 0, 4]
[4, 0, 1, 2, 5, 6, 7, 8, 9, 10, 11, 12, 13, 14, 15, 16, 3]
[15, 16, 0, 4, 3, 2, 1, 5, 6, 7, 8, 9, 10, 11, 12, 13, 14]
[3, 2, 1, 5, 6, 7, 8, 9, 10, 11, 12, 13, 14, 15, 16, 0, 4]
[3, 2, 1, 0, 4, 5, 6, 7, 8, 9, 10, 11, 12, 13, 14, 15, 16]
[0, 4, 3, 2, 1, 5, 6, 7, 8, 9, 10, 11, 12, 13, 14, 15, 16]
[3, 2, 1, 0, 4, 5, 6, 7, 8, 9, 10, 11, 12, 13, 14, 15, 16]
[1, 2, 3, 4, 5, 6, 7, 8, 9, 10, 11, 12, 13, 14, 15, 16, 0]
[1, 0, 4, 3, 2, 5, 6, 7, 8, 9, 10, 11, 12, 13, 14, 15, 16]
[14, 0, 1, 2, 15, 16, 3, 4, 5, 6, 7, 8, 9, 10, 11, 12, 13]
[14, 15, 16, 0, 1, 2, 3, 4, 5, 6, 7, 8, 9, 10, 11, 12, 13]
[15, 2, 1, 0, 16, 3, 4, 5, 6, 7, 8, 9, 10, 11, 12, 13, 14]
[3, 2, 1, 0, 4, 5, 6, 7, 8, 9, 10, 11, 12, 13, 14, 15, 16]
[16, 3, 4, 5, 6, 7, 8, 9, 10, 11, 12, 13, 14, 15, 2, 1, 0]
[0, 4, 3, 2, 1, 5, 6, 7, 8, 9, 10, 11, 12, 13, 14, 15, 16]
[3, 4, 5, 6, 7, 8, 9, 10, 11, 12, 13, 14, 15, 16, 0, 1, 2]
[3, 2, 1, 0, 4, 5, 6, 7, 8, 9, 10, 11, 12, 13, 14, 15, 16]
[16, 0, 1, 2, 3, 4, 5, 6, 7, 8, 9, 10, 11, 12, 13, 14, 15]
[5, 4, 3, 2, 6, 7, 8, 9, 10, 11, 12, 13, 14, 15, 16, 0, 1]
[1, 2, 3, 4, 5, 6, 7, 8, 9, 10, 11, 12, 13, 14, 15, 16, 0]
[4, 0, 1, 2, 5, 6, 7, 8, 9, 10, 11, 12, 13, 14, 15, 16, 3]
[14, 15, 16, 0, 1, 2, 3, 4, 5, 6, 7, 8, 9, 10, 11, 12, 13]
[1, 2, 3, 4, 5, 6, 7, 8, 9, 10, 11, 12, 13, 14, 15, 16, 0]
[1, 2, 3, 4, 5, 6, 7, 8, 9, 10, 11, 12, 13, 14, 15, 16, 0]
[0, 4, 3, 2, 1, 5, 6, 7, 8, 9, 10, 11, 12, 13, 14, 15, 16]
[15, 2, 1, 0, 16, 3, 4, 5, 6, 7, 8, 9, 10, 11, 12, 13, 14]
[3, 4, 5, 6, 7, 8, 9, 10, 11, 12, 13, 14, 15, 16, 0, 1, 2]
[1, 2, 3, 4, 5, 6, 7, 8, 9, 10, 11, 12, 13, 14, 15, 16, 0]
[4, 0, 1, 2, 5, 6, 7, 8, 9, 10, 11, 12, 13, 14, 15, 16, 3]
[3, 2, 1, 0, 4, 5, 6, 7, 8, 9, 10, 11, 12, 13, 14, 15, 16]
[1, 0, 4, 5, 6, 7, 8, 9, 10, 11, 12, 13, 14, 15, 16, 3, 2]
[16, 0, 1, 2, 3, 4, 5, 6, 7, 8, 9, 10, 11, 12, 13, 14, 15]
[1, 0, 4, 5, 6, 7, 8, 9, 10, 11, 12, 13, 14, 15, 16, 3, 2]
[1, 2, 3, 4, 5, 6, 7, 8, 9, 10, 11, 12, 13, 14, 15, 16, 0]
[16, 0, 1, 2, 3, 4, 5, 6, 7, 8, 9, 10, 11, 12, 13, 14, 15]
[1, 0, 4, 5, 6, 7, 8, 9, 10, 11, 12, 13, 14, 15, 16, 3, 2]
[12, 13, 14, 15, 16, 0, 1, 2, 3, 4, 5, 6, 7, 8, 9, 10, 11]
