[18, 17, 16, 15, 2, 1, 0, 19, 3, 4, 5, 6, 7, 8, 9, 10, 11, 12, 13, 14]
[7, 6, 5, 2, 8, 9, 10, 11, 12, 13, 14, 15, 16, 17, 18, 19, 3, 4, 0, 1]
[4, 3, 19, 0, 5, 6, 7, 8, 9, 10, 11, 12, 13, 14, 15, 16, 17, 18, 2, 1]
[0, 4, 3, 2, 1, 5, 6, 7, 8, 9, 10, 11, 12, 13, 14, 15, 16, 17, 18, 19]
[19, 0, 1, 2, 3, 4, 5, 6, 7, 8, 9, 10, 11, 12, 13, 14, 15, 16, 17, 18]
[2, 3, 19, 0, 1, 4, 5, 6, 7, 8, 9, 10, 11, 12, 13, 14, 15, 16, 17, 18]
[0, 17, 16, 2, 1, 18, 19, 3, 4, 5, 6, 7, 8, 9, 10, 11, 12, 13, 14, 15]
[2, 6, 5, 4, 3, 7, 8, 9, 10, 11, 12, 13, 14, 15, 16, 17, 18, 19, 0, 1]
[3, 2, 6, 5, 4, 7, 8, 9, 10, 11, 12, 13, 14, 15, 16, 17, 18, 19, 0, 1]
[9, 6, 3, 11, 12, 13, 14, 15, 16, 17, 18, 19, 0, 4, 5, 1, 7, 8, 2, 10]
[1, 0, 19, 18, 2, 3, 4, 5, 6, 7, 8, 9, 10, 11, 12, 13, 14, 15, 16, 17]
[0, 4, 3, 2, 1, 5, 6, 7, 8, 9, 10, 11, 12, 13, 14, 15, 16, 17, 18, 19]
[2, 5, 1, 18, 19, 6, 7, 8, 9, 10, 11, 12, 13, 14, 15, 16, 17, 3, 4, 0]
[0, 1, 5, 4, 3, 2, 6, 7, 8, 9, 10, 11, 12, 13, 14, 15, 16, 17, 18, 19]
[4, 0, 1, 2, 5, 6, 7, 8, 9, 10, 11, 12, 13, 14, 15, 16, 17, 18, 19, 3]
[3, 0, 4, 5, 2, 1, 6, 7, 8, 9, 10, 11, 12, 13, 14, 15, 16, 17, 18, 19]
[14, 15, 17, 16, 19, 3, 2, 18, 1, 0, 4, 5, 6, 7, 8, 9, 10, 11, 12, 13]
[6, 5, 1, 2, 7, 8, 9, 10, 11, 12, 13, 14, 15, 16, 17, 18, 19, 0, 4, 3]
[9, 8, 5, 4, 10, 11, 12, 13, 14, 15, 16, 17, 18, 19, 0, 1, 2, 6, 7, 3]
[15, 16, 17, 18, 19, 0, 1, 2, 3, 4, 5, 6, 7, 8, 9, 10, 11, 12, 13, 14]
[8, 9, 10, 7, 6, 5, 11, 12, 13, 14, 15, 16, 17, 18, 19, 3, 2, 1, 0, 4]
[16, 0, 19, 18, 17, 1, 2, 3, 4, 5, 6, 7, 8, 9, 10, 11, 12, 13, 14, 15]
[1, 17, 16, 19, 18, 2, 3, 4, 5, 6, 7, 8, 9, 10, 11, 12, 13, 14, 15, 0]
[3, 19, 18, 2, 4, 5, 6, 7, 8, 9, 10, 11, 12, 13, 14, 15, 16, 17, 0, 1]
[2, 18, 19, 0, 3, 4, 5, 6, 7, 8, 9, 10, 11, 12, 13, 14, 15, 16, 17, 1]
[2, 3, 19, 0, 1, 4, 5, 6, 7, 8, 9, 10, 11, 12, 13, 14, 15, 16, 17, 18]
[14, 15, 3, 2, 1, 16, 17, 18, 19, 0, 4, 5, 6, 7, 8, 9, 10, 11, 12, 13]
[4, 3, 6, 5, 1, 2, 7, 8, 9, 10, 11, 12, 13, 14, 15, 16, 17, 18, 19, 0]
[19, 17, 2, 1, 3, 0, 4, 5, 6, 7, 8, 9, 10, 11, 12, 13, 14, 15, 16, 18]
[0, 4, 3, 2, 1, 5, 6, 7, 8, 9, 10, 11, 12, 13, 14, 15, 16, 17, 18, 19]
[16, 15, 14, 13, 17, 1, 0, 19, 18, 2, 3, 4, 5, 6, 7, 8, 9, 10, 11, 12]
[8, 4, 0, 2, 3, 7, 6, 5, 9, 10, 11, 12, 13, 14, 15, 16, 17, 18, 19, 1]
[6, 5, 4, 8, 9, 10, 11, 12, 13, 14, 15, 16, 17, 18, 19, 3, 2, 1, 0, 7]
[17, 18, 19, 2, 3, 4, 0, 1, 5, 6, 7, 8, 9, 10, 11, 12, 13, 14, 15, 16]
[17, 18, 1, 2, 3, 19, 0, 4, 5, 6, 7, 8, 9, 10, 11, 12, 13, 14, 15, 16]
[3, 19, 18, 1, 0, 4, 5, 6, 7, 8, 9, 10, 11, 12, 13, 14, 15, 16, 17, 2]
[3, 2, 4, 5, 6, 7, 8, 9, 10, 11, 12, 13, 14, 15, 16, 17, 18, 1, 0, 19]
[19, 1, 0, 18, 3, 4, 2, 5, 6, 7, 8, 9, 10, 11, 12, 13, 14, 15, 16, 17]
[6, 2, 3, 8, 9, 10, 11, 12, 13, 14, 15, 16, 17, 18, 19, 0, 1, 5, 4, 7]
[5, 9, 8, 7, 6, 10, 11, 12, 13, 14, 15, 16, 17, 18, 19, 0, 4, 3, 2, 1]
[1, 2, 3, 4, 5, 6, 7, 8, 9, 10, 11, 12, 13, 14, 15, 16, 17, 18, 19, 0]
[17, 18, 19, 0, 1, 2, 3, 4, 5, 6, 7, 8, 9, 10, 11, 12, 13, 14, 15, 16]
[1, 0, 19, 18, 2, 3, 4, 5, 6, 7, 8, 9, 10, 11, 12, 13, 14, 15, 16, 17]
[3, 2, 4, 5, 6, 1, 0, 7, 8, 9, 10, 11, 12, 13, 14, 15, 16, 17, 18, 19]
[4, 0, 1, 6, 7, 8, 9, 10, 11, 12, 13, 14, 15, 16, 17, 18, 19, 3, 2, 5]
[2, 7, 6, 5, 1, 8, 9, 10, 11, 12, 13, 14, 15, 16, 17, 18, 19, 0, 4, 3]
[2, 1, 17, 16, 18, 19, 0, 3, 4, 5, 6, 7, 8, 9, 10, 11, 12, 13, 14, 15]
[4, 3, 2, 5, 6, 7, 8, 9, 10, 11, 12, 13, 14, 15, 16, 17, 18, 19, 1, 0]
[3, 2, 1, 7, 8, 9, 10, 11, 12, 13, 14, 15, 16, 17, 18, 19, 0, 4, 5, 6]
[19, 0, 4, 1, 18, 5, 6, 7, 8, 9, 10, 11, 12, 13, 14, 15, 16, 17, 3, 2]
[4, 3, 19, 0, 5, 6, 7, 8, 9, 10, 11, 12, 13, 14, 15, 16, 17, 18, 2, 1]
[1, 3, 4, 5, 0, 19, 6, 7, 8, 9, 10, 11, 12, 13, 14, 15, 16, 17, 18, 2]
[2, 3, 19, 0, 1, 4, 5, 6, 7, 8, 9, 10, 11, 12, 13, 14, 15, 16, 17, 18]
[1, 0, 19, 18, 2, 3, 4, 5, 6, 7, 8, 9, 10, 11, 12, 13, 14, 15, 16, 17]
[17, 2, 3, 19, 18, 1, 0, 4, 5, 6, 7, 8, 9, 10, 11, 12, 13, 14, 15, 16]
[4, 0, 1, 6, 7, 8, 9, 10, 11, 12, 13, 14, 15, 16, 17, 18, 19, 3, 2, 5]
[18, 2, 1, 0, 19, 3, 4, 5, 6, 7, 8, 9, 10, 11, 12, 13, 14, 15, 16, 17]
[2, 1, 17, 18, 3, 4, 5, 6, 7, 8, 9, 10, 11, 12, 13, 14, 15, 16, 0, 19]
[3, 16, 15, 0, 17, 18, 19, 2, 1, 5, 6, 7, 8, 9, 10, 11, 12, 13, 14, 4]
[2, 4, 3, 5, 1, 0, 6, 7, 8, 9, 10, 11, 12, 13, 14, 15, 16, 17, 18, 19]
[0, 19, 18, 5, 4, 3, 2, 6, 7, 8, 9, 10, 11, 12, 13, 14, 15, 16, 17, 1]
[8, 7, 6, 5, 9, 10, 11, 12, 13, 14, 15, 16, 17, 18, 19, 0, 4, 3, 2, 1]
[1, 0, 3, 19, 18, 4, 5, 6, 7, 8, 9, 10, 11, 12, 13, 14, 15, 16, 17, 2]
[6, 5, 4, 2, 1, 0, 7, 8, 9, 10, 11, 12, 13, 14, 15, 16, 17, 18, 19, 3]
[4, 5, 2, 3, 0, 1, 6, 7, 8, 9, 10, 11, 12, 13, 14, 15, 16, 17, 18, 19]
[9, 8, 6, 5, 10, 11, 12, 13, 14, 15, 16, 17, 18, 19, 0, 1, 2, 7, 3, 4]
[1, 0, 3, 19, 18, 4, 5, 6, 7, 8, 9, 10, 11, 12, 13, 14, 15, 16, 17, 2]
[6, 2, 3, 8, 9, 10, 11, 12, 13, 14, 15, 16, 17, 18, 19, 0, 1, 5, 4, 7]
[19, 0, 1, 4, 5, 6, 7, 8, 9, 10, 11, 12, 13, 14, 15, 16, 17, 18, 2, 3]
[0, 19, 18, 3, 2, 1, 5, 6, 7, 8, 9, 10, 11, 12, 13, 14, 15, 16, 17, 4]
[0, 4, 3, 2, 1, 5, 6, 7, 8, 9, 10, 11, 12, 13, 14, 15, 16, 17, 18, 19]
[0, 4, 5, 6, 7, 8, 9, 10, 11, 12, 13, 14, 15, 16, 17, 18, 1, 2, 3, 19]
[2, 1, 0, 7, 6, 5, 4, 8, 9, 10, 11, 12, 13, 14, 15, 16, 17, 18, 19, 3]
[0, 19, 18, 2, 1, 3, 4, 5, 6, 7, 8, 9, 10, 11, 12, 13, 14, 15, 16, 17]
[7, 0, 19, 3, 8, 9, 10, 11, 12, 13, 14, 15, 16, 17, 18, 2, 1, 4, 5, 6]
[3, 2, 1, 5, 6, 7, 8, 9, 10, 11, 12, 13, 14, 15, 16, 17, 18, 19, 0, 4]
[18, 19, 3, 2, 1, 0, 4, 5, 6, 7, 8, 9, 10, 11, 12, 13, 14, 15, 16, 17]
[4, 3, 2, 18, 5, 6, 7, 8, 9, 10, 11, 12, 13, 14, 15, 16, 17, 1, 0, 19]
[5, 4, 3, 2, 6, 7, 8, 9, 10, 11, 12, 13, 14, 15, 16, 17, 18, 19, 0, 1]
[1, 2, 3, 19, 0, 4, 5, 6, 7, 8, 9, 10, 11, 12, 13, 14, 15, 16, 17, 18]
[1, 5, 6, 7, 8, 9, 10, 11, 12, 13, 14, 15, 16, 17, 18, 19, 0, 4, 3, 2]
[1, 0, 4, 3, 2, 5, 6, 7, 8, 9, 10, 11, 12, 13, 14, 15, 16, 17, 18, 19]
[0, 1, 5, 4, 3, 2, 6, 7, 8, 9, 10, 11, 12, 13, 14, 15, 16, 17, 18, 19]
[3, 2, 1, 18, 19, 0, 4, 5, 6, 7, 8, 9, 10, 11, 12, 13, 14, 15, 16, 17]
[1, 0, 19, 18, 2, 3, 4, 5, 6, 7, 8, 9, 10, 11, 12, 13, 14, 15, 16, 17]
[1, 17, 16, 15, 0, 19, 18, 2, 3, 4, 5, 6, 7, 8, 9, 10, 11, 12, 13, 14]
[16, 15, 14, 13, 0, 19, 18, 17, 1, 2, 3, 4, 5, 6, 7, 8, 9, 10, 11, 12]
[11, 16, 17, 13, 12, 15, 14, 18, 19, 0, 1, 2, 3, 4, 5, 6, 7, 8, 9, 10]
[4, 0, 3, 2, 1, 6, 7, 8, 9, 10, 11, 12, 13, 14, 15, 16, 17, 18, 19, 5]
[3, 19, 18, 1, 0, 4, 5, 6, 7, 8, 9, 10, 11, 12, 13, 14, 15, 16, 17, 2]
[17, 18, 1, 2, 3, 19, 0, 4, 5, 6, 7, 8, 9, 10, 11, 12, 13, 14, 15, 16]
[0, 19, 18, 5, 4, 3, 2, 6, 7, 8, 9, 10, 11, 12, 13, 14, 15, 16, 17, 1]
[3, 2, 4, 5, 6, 1, 0, 7, 8, 9, 10, 11, 12, 13, 14, 15, 16, 17, 18, 19]
[17, 18, 19, 0, 1, 2, 3, 4, 5, 6, 7, 8, 9, 10, 11, 12, 13, 14, 15, 16]
[0, 1, 2, 8, 7, 6, 5, 9, 10, 11, 12, 13, 14, 15, 16, 17, 18, 19, 3, 4]
[3, 6, 7, 8, 9, 10, 11, 12, 13, 14, 15, 16, 17, 18, 19, 0, 4, 5, 1, 2]
[1, 0, 4, 5, 6, 7, 8, 9, 10, 11, 12, 13, 14, 15, 16, 17, 18, 19, 3, 2]
[1, 2, 3, 19, 0, 4, 5, 6, 7, 8, 9, 10, 11, 12, 13, 14, 15, 16, 17, 18]
[2, 18, 19, 0, 3, 4, 5, 6, 7, 8, 9, 10, 11, 12, 13, 14, 15, 16, 17, 1]
[0, 4, 6, 7, 8, 9, 10, 11, 12, 13, 14, 15, 16, 17, 18, 19, 2, 3, 5, 1]
